4294967278,372
4294967278,174
4294967278,380
4294967278,382
4294967278,381
4294967278,377
4294967278,376
4294967279,68
4294967279,67
4294967279,441
4294967279,65
4294967279,63
4294967279,61
4294967279,56
4294967279,439
4294967279,55
4294967279,438
4294967279,53
4294967279,51
4294967279,49
4294967279,436
4294967279,46
4294967279,45
4294967279,44
4294967279,43
4294967279,41
4294967279,39
4294967279,38
4294967279,30
4294967279,29
4294967279,28
4294967279,26
4294967279,168
4294967279,167
4294967279,166
4294967278,164
4294967279,161
4294967279,160
4294967279,159
4294967279,154
4294967279,153
4294967279,152
4294967279,150
4294967279,149
4294967278,148
4294967279,148
4294967279,35
4294967279,146
4294967279,145
4294967279,144
4294967279,143
4294967278,140
4294967278,389
4294967294,1087
4294967278,275
4294967278,388
4294967279,463
4294967279,274
4294967279,432
4294967278,283
4294967278,282
98,7
98,6
4294967278,266
98,5
98,4
98,3
98,2
98,1
4294967278,277
4294967279,287
4294967278,279
4294967279,264
4294967278,261
4294967278,259
4294967279,261
4294967278,373
4294967279,420
4294967278,255
4294967279,419
4294967279,254
4294967279,253
4294967278,252
4294967294,1244
4294967279,250
4294967279,251
4294967279,249
4294967279,434
4294967279,244
4294967278,238
4294967279,242
4294967279,240
4294967278,237
4294967279,234
4294967278,232
4294967278,387
4294967279,226
4294967279,224
4294967279,222
4294967278,220
4294967278,216
4294967279,462
94,7
4294967279,280
94,6
94,5
4294967279,214
94,4
94,3
94,2
94,1
4294967279,213
4294967279,210
4294967278,207
4294967279,461
4294967279,207
4294967278,203
4294967278,202
4294967279,409
4294967279,460
4294967279,315
4294967278,309
4294967279,195
4294967279,426
4294967294,1248
4294967279,459
4294967278,386
4294967279,458
4294967279,181
4294967278,179
4294967278,349
4294967278,374
4294967278,365
90,7
90,6
90,5
90,4
90,3
90,2
90,1
4294967279,406
4294967278,385
4294967294,409
4294967294,407
4294967294,420
4294967294,168
4294967294,425
4294967294,468
4294967294,466
4294967294,109
4294967278,343
4294967278,160
4294967278,384
4294967279,403
4294967279,402
4294967278,154
4294967278,149
4294967278,150
4294967278,144
86,4
86,3
86,2
86,1
85,4
4294967294,439
85,3
85,2
85,1
4294967279,386
4294967278,138
4294967278,276
4294967279,277
84,6
4294967278,274
84,5
4294967278,272
84,4
84,3
84,2
84,1
4294967294,1241
4294967279,270
4294967279,457
83,5
4294967279,269
83,4
83,3
83,2
83,1
4294967279,456
4294967279,421
82,5
82,4
82,3
82,2
82,1
4294967279,455
81,5
81,4
81,3
81,2
81,1
4294967279,389
4294967278,359
4294967278,250
4294967278,242
4294967278,240
79,4
79,3
79,2
79,1
4294967279,235
4294967278,231
4294967279,229
4294967278,225
4294967294,179
4294967294,385
4294967294,183
4294967294,110
4294967294,416
4294967294,448
4294967294,412
4294967294,392
4294967279,223
4294967278,219
4294967279,415
4294967279,216
4294967279,429
4294967278,215
4294967279,385
4294967278,314
4294967278,211
4294967278,356
4294967279,412
4294967278,312
4294967279,209
4294967279,219
4294967278,353
4294967279,411
4294967278,352
4294967278,201
4294967279,99
4294967279,97
4294967279,202
4294967279,201
4294967279,200
4294967279,199
4294967278,197
4294967279,92
4294967278,193
4294967278,192
4294967279,311
4294967279,427
4294967279,90
4294967279,89
4294967279,82
4294967279,80
4294967279,79
4294967279,78
4294967279,76
4294967279,75
4294967279,74
4294967279,73
4294967279,72
4294967279,71
4294967279,70
4294967279,77
4294967279,408
4294967278,370
4294967278,367
4294967278,366
4294967278,281
4294967278,35
4294967278,34
4294967278,33
4294967278,32
4294967278,31
4294967278,30
4294967278,29
4294967278,28
4294967278,27
4294967278,26
4294967278,25
4294967278,23
4294967278,21
4294967278,19
4294967278,18
4294967278,17
4294967278,16
4294967278,15
4294967278,14
4294967278,12
4294967278,11
4294967278,10
4294967278,9
4294967278,8
4294967278,7
4294967278,6
4294967278,5
4294967278,4
4294967279,132
4294967279,131
4294967279,130
4294967279,129
4294967279,256
4294967279,128
4294967279,127
4294967279,126
4294967279,125
4294967279,124
4294967279,252
4294967279,123
4294967279,122
4294967279,121
4294967279,120
4294967279,119
4294967279,118
4294967279,117
4294967279,116
4294967279,115
4294967279,114
4294967279,113
4294967279,112
4294967279,233
4294967279,111
4294967279,257
4294967279,110
4294967279,109
4294967279,108
4294967279,107
4294967279,106
4294967279,105
4294967279,104
4294967279,103
4294967279,215
4294967279,102
4294967279,101
4294967279,24
4294967279,22
4294967279,20
4294967279,18
4294967279,17
4294967279,16
4294967279,14
4294967279,13
4294967279,10
4294967294,30
4294967294,1237
4294967294,1236
4294967294,1234
4294967294,1233
4294967294,1228
4294967294,1217
4294967294,1062
4294967294,1060
4294967294,1059
4294967294,1058
4294967294,1057
4294967294,60
4294967294,1159
4294967294,1158
4294967294,1157
4294967294,1156
4294967294,1155
4294967294,1153
4294967294,1085
4294967294,1084
4294967294,1082
4294967294,1081
4294967294,1080
4294967294,1079
4294967294,1077
4294967294,1076
4294967294,1075
4294967294,1074
4294967294,1073
4294967294,1070
4294967294,1069
4294967294,1067
4294967294,1066
4294967294,422
4294967294,401
4294967294,190
4294967294,185
4294967294,182
4294967294,173
4294967294,170
4294967294,163
4294967294,162
4294967294,161
4294967294,12
4294967278,354
4294967278,180
4294967278,177
4294967278,170
4294967278,169
4294967278,168
4294967278,165
4294967278,163
4294967278,161
4294967278,157
4294967278,156
4294967279,156
4294967278,155
4294967278,340
4294967279,298
4294967278,152
4294967278,151
4294967278,36
4294967278,147
4294967279,454
4294967278,145
4294967278,143
4294967279,453
4294967278,139
4294967278,142
78,7
78,6
4294967278,141
78,5
78,4
78,2
78,1
4294967278,330
4294967279,140
4294967278,137
4294967278,24
4294967278,329
4294967279,135
4294967279,276
4294967278,22
4294967278,287
4294967279,133
4294967278,133
4294967279,424
4294967278,20
4294967278,284
4294967278,271
4294967278,273
4294967279,452
4294967279,271
4294967278,269
4294967278,268
4294967279,451
